516034 541781
543851 431341
83255 994976
311779 101554
974401 326331
82265 981070
331640 443201
165683 674175
13225 229324
249585 16243
860295 783390
636029 307977
451254 230140
32073 175690
44578 109863
973486 3276
38245 883283
19528 770513
760056 722215
253667 907303
207203 795764
210291 920762
501679 137094
98265 111139
497736 372368
163498 157597
419411 378361
515977 232000
29855 69186
265997 550805
872632 303442
351177 132453
462970 422019
979246 253380
147568 7797
596356 703028
152670 18849
597641 781064
127469 26435
523920 978211
905806 78731
227797 118294
716136 809019
835475 343847
491789 17317
680348 113980
702321 560080
652207 860271
998977 682522
113761 813315
419632 939271
976332 631586
362363 432563
919850 762394
449896 697253
719803 221695
705355 563779
759612 450862
992979 986228
744724 358185
59211 216154
360074 746173
374943 312119
949129 169
611161 993277
728157 161799
189855 24366
955706 434361
137517 139112
154702 457141
516235 502357
41452 423935
698716 475128
755257 289992
819074 783693
895713 460597
474384 873880
432754 962222
181878 291028
194112 790951
166355 605906
948076 191421
64101 521593
686203 397206
676847 931008
848911 23231
797394 461678
132487 138423
903987 788437
715657 720383
162872 138159
162192 265380
199621 789651
565521 844423
729607 937934
233518 666178
801027 350352
416315 392166
866201 80944
657560 547811
4553 526410
76462 216315
503248 594350
160202 817063
22864 723221
475065 770164
845208 4381
442769 922586
574627 256231
588273 736699
221302 754135
193592 906198
821002 232237
53876 457779
475773 594296
947315 239040
935508 662934
515860 577355
811188 969602
300594 37788
395075 589894
310436 442151
375791 665206
741369 35471
488128 638962
985768 203038
936140 628243
990407 289516
928915 459338
396597 454741
274007 875788
312420 61654
144321 638524
936525 460323
155551 528778
974424 194785
142903 664603
117896 999727
966096 19588
462861 965027
977820 885955
818299 473305
267115 119970
162934 51843
145876 98073
489735 681286
304995 447721
763218 631701
596546 446648
630920 376365
633173 451812
270083 404817
172875 540630
455722 865242
209437 706638
254754 829784
135047 852251
927874 506411
556755 813776
403503 364485
937353 799007
305370 146488
194789 130064
52931 186478
675735 648543
903437 147175
77046 86003
500997 647142
425698 815691
222280 922842
176852 169875
733441 280308
332524 204375
166885 824419
298984 166099
956661 788105
97084 442563
717719 476810
276232 304297
46335 557082
347712 256448
438579 504820
705659 23671
369799 604556
282450 982320
391125 802769
769651 412566
971842 892891
185888 892739
504041 729444
409127 397365
349708 809498
27753 17274
961460 159249
96925 943831
489979 779554
60062 282679
941437 318349
128888 900962
500511 541683
788411 408238
538988 325717
846007 726795
435691 569973
386971 673051
730280 609243
352187 221182
98986 264727
2862 322089
248776 415915
243062 224200
481732 683751
337659 419497
144288 661871
875828 192750
550524 865823
217991 107245
601860 256967
586972 948474
616417 80812
604694 986196
162165 326680
262315 373382
994631 720650
169997 793396
905170 807245
344895 342047
206170 948664
467799 602284
179756 226947
672716 123219
463909 280052
981258 82457
292564 647740
591286 935878
763396 518370
653095 135341
126388 553500
410910 254533
397577 28737
903580 970629
959776 964752
637570 958594
18173 36367
238632 385487
751153 458936
572157 334093
893116 359436
346608 454581
799738 748554
784161 329508
509675 491702
631195 595661
896415 23537
808996 942495
227625 837909
536237 750811
788071 690662
475042 397324
846252 231454
848359 381205
826627 817203
11625 578197
867093 5665
35465 152731
859523 255678
263091 894976
440882 928833
475689 536692
776238 887510
327453 33205
133013 188123
442784 982668
830185 585262
608316 787061
164617 557119
568745 26829
900092 44476
240434 399841
390476 600395
213675 691652
326619 919941
974638 289451
308295 53982
156999 334222
725456 272818
636416 325129
277574 767640
662527 695172
401165 93776
341715 222837
234188 598161
201141 981676
176177 403607
865282 888371
526767 597470
87063 716700
628532 706467
616477 560288
690839 542751
857371 932439
115151 296137
91693 417080
115420 72171
719894 519515
463126 919939
546748 795083
713736 338414
279879 461914
856750 843916
624765 763175
459925 206464
709672 242339
106742 885639
909056 322377
308475 24654
536994 502577
339489 937838
663321 918625
465851 939586
399908 221470
195035 549191
859503 506529
891111 849378
499895 936515
840559 568976
289635 166490
94867 703480
100985 115603
472124 253931
312404 309743
376607 265271
166222 779093
899908 104858
599548 937902
890601 920333
364660 968332
732024 477024
668058 849738
451785 943194
83371 683642
409858 326101
698435 835234
623284 291555
899489 556255
683964 249241
102785 642106
982658 508356
812151 569988
520546 516952
669373 697670
322181 474458
860990 429052
829994 937748
706058 176907
954153 708414
506025 974500
213639 399793
838904 780461
663963 503407
9316 914046
851297 237785
673221 446
28490 329405
143722 897564
839820 498195
708791 786113
453725 941948
556905 977619
744114 168582
76603 756332
404520 851322
625168 412239
694998 296844
286431 880566
334847 132518
131890 443765
597177 480526
589626 898754
511006 667739
931458 967738
869601 111753
325554 810382
942199 725984
146859 337843
952010 842473
165943 270214
461326 359275
342974 810552
108214 795869
326933 224128
228848 520325
610295 271852
617918 864681
167422 33657
307375 337067
712060 390615
95479 728974
506587 649337
151894 658881
308131 963066
146622 996336
524694 738524
653136 168886
493402 92919
334381 421692
495106 509454
725380 329430
385875 743676
505976 936489
756962 833542
932024 529196
265671 485677
32085 222641
252540 673618
755325 175386
753220 845656
31416 779955
705451 857251
404646 473892
485719 206583
686927 698806
927884 591326
848975 659176
634763 635780
959790 807517
263216 100181
203786 422691
345043 687908
835228 193239
985156 205893
932146 712531
913405 514152
185258 158932
12032 887999
32792 36601
880603 895888
741359 325654
414678 474339
980908 778577
12356 628373
143778 829330
566152 699372
167155 74920
500530 152916
378017 92930
791058 527127
75806 833407
901028 438072
383708 280775
697146 981672
258622 534485
878104 602364
310968 673902
763572 377375
258480 554896
988523 11108
412417 116689
507755 628431
686489 305915
36545 333012
849001 203203
935380 138410
577107 510167
951709 900891
136214 520952
533586 780228
727699 46092
698111 674869
631090 311522
454723 742348
73527 740441
894414 746082
649741 205613
114038 757942
450142 493942
571914 298488
381161 623822
356307 823708
903782 601657
314863 574034
246117 265210
225499 899794
445859 628501
112252 737092
836078 388502
289749 946497
627275 104836
390139 321214
477763 30014
234095 674991
625181 638207
471265 800615
367918 927711
133616 304425
504971 979687
986037 898967
100423 167168
401681 200905
841533 118265
737184 346
774108 297549
135681 488085
168351 857226
865899 470128
649431 872276
747729 322235
56982 336821
157473 557476
552551 40570
735262 352945
683408 274456
383997 692541
558875 415334
453537 196848
14814 58495
157547 314320
375687 788689
432034 490035
468359 736252
644046 110497
161538 849658
568073 193628
940510 44626
843228 228913
234763 558462
421942 27775
156860 424433
187480 502168
524286 128979
822255 413785
845893 545836
30767 659369
849058 485612
555318 39224
279408 635882
285947 939077
236270 661777
810770 286663
533790 393933
843488 691606
870538 750225
993404 193813
717090 879917
509020 459637
365027 343950
862450 829023
790788 88222
361550 596541
750708 636019
731908 45831
989011 765250
463103 28608
9445 234044
970450 143058
150271 613649
770274 178014
255664 238683
704688 171341
710274 35042
996333 110222
163654 959679
613304 5908
162496 855789
853971 137296
725390 344214
69065 949350
866657 33072
179988 963806
538525 53236
216323 444545
961082 16805
473689 175631
573328 935979
363973 401473
115024 772625
901828 11629
274217 636656
915339 219307
220299 324663
846616 726260
504467 52518
908047 217458
17273 146518
779285 248871
751919 302162
150329 932404
245819 418749
986683 534001
132555 458889
617360 108005
495196 49130
568493 676146
763615 543411
762364 139272
629911 791808
835638 43974
509353 947652
706312 527707
694464 409607
420677 762799
182549 798075
861100 938625
344321 563521
681686 652582
150924 279076
53816 179171
701640 614167
37486 239617
165762 275548
639797 661890
576862 677123
200454 352168
991761 823725
402764 931790
220445 952113
209672 980802
82248 71620
994104 39060
427704 608665
270902 844070
790776 488632
226956 823965
980911 430709
766375 214153
93009 618889
548356 5901
225575 231634
346204 610408
519952 776565
184670 704589
982505 159482
13701 687709
285741 649996
499421 582216
686505 347962
721998 57158
344288 36780
407977 76205
43498 561033
660711 580335
819058 453941
720463 239689
911729 585832
911887 249008
119922 977969
89305 978438
407470 15515
201227 283331
650189 892742
6899 720937
998917 954186
580836 924397
422045 202948
698308 578699
183365 891643
178031 647617
461994 621146
242349 600542
149834 235852
265177 755156
634042 10959
677621 959030
715778 804718
404687 719128
400884 61455
789223 528071
395760 799572
694392 957052
216649 823139
458467 437570
414679 426173
844075 171626
215076 542687
319295 601172
784447 546253
977291 90764
478618 262993
646592 651325
414156 951028
973123 507849
507830 93833
287257 254394
600831 227171
521661 572865
123704 728122
448997 251227
47955 677449
398325 880207
178811 199661
311395 567556
775611 615384
647247 487434
33384 979130
217287 101726
927241 394392
960633 27227
486831 784248
845730 424562
477823 722027
178068 912142
860592 247782
157702 296240
644304 691804
630911 374783
904013 526070
790038 634934
694616 633218
663631 284073
713170 218108
71434 856249
32417 451684
290501 707881
812239 472567
834287 541017
482365 287119
253870 564727
957387 844316
309756 892131
483169 764242
961492 228361
692746 505030
592629 186379
836035 783890
656330 113514
153991 115702
71745 710426
38398 721652
103488 1814
371838 117299
104808 29998
934039 683058
428097 893419
370205 239515
908966 551884
309393 526868
722259 756731
9338 948955
278602 898759
452134 28062
148028 700317
764381 428771
76550 346171
528385 560672
404644 598917
60318 508091
882299 843853
709244 839360
630827 574275
285776 530004
559635 104762
57160 273039
637787 970460
909733 428660
111281 204674
969448 341488
65699 802283
328478 872662
664513 137146
880751 556629
680798 411014
863090 412196
970101 281238
723664 454494
570311 150999
629549 469255
87067 179275
494455 47239
37313 311236
367420 148057
260217 212922
891624 900312
272150 992939
876668 223638
246572 62526
344395 259479
14136 130852
120289 136594
294391 537863
945539 405615
432676 496492
812038 44097
396767 660840
504388 697541
808093 289093
771079 50863
839734 718188
914951 461616
800291 935188
417404 120042
944660 145444
817278 731392
101207 800836
69111 574767
318525 997604
120787 551149
31101 109500
409922 296616
822068 826331
457849 817730
116885 970121
436252 407861
854443 10001
993765 946482
160696 549256
548199 430508
963125 804060
384911 682084
480496 32772
8771 227921
853980 103438
227488 35225
954750 807419
691588 842705
572721 307202
399358 479828
440472 473785
715378 275333
233519 982317
374826 361250
460250 526942
932465 953504
463883 117872
126707 148441
417963 572833
310447 472789
152247 750541
434121 831893
569920 620791
68325 117639
373521 434959
327380 832329
332204 662412
693802 612554
401354 933699
145211 372546
489012 97920
428718 210883
249383 608090
90823 119429
153313 674557
722201 343158
751309 499208
597565 699196
892408 474022
333262 902392
530645 28269
104797 70542
121826 80861
748156 340502
317012 48514
101318 457201
26339 317621
666762 454424
67896 695414
387473 737940
457093 472897
467383 603928
794387 339546
462999 346629
5300 419517
780964 6498
898570 636588
998828 665472
775783 883517
993758 138974
744531 811074
138475 969297
373813 615483
564145 20651
245189 437601
555555 698048
449349 572623
837261 736476
991958 605820
383561 948274
253975 690308
656329 781053
493890 45621
616713 910366
451709 492637
343765 124309
846123 160350
959057 311182
950714 267072
461240 641261
908757 565782
676668 514343
147847 677173
836842 718452
450978 763405
238790 369872
781320 988877
610541 608254
408583 246113
7409 694174
212384 865976
275716 139801
207018 985965
345252 444305
924735 444905
743480 681378
254168 428706
636994 980193
671479 463585
377886 680779
518781 877254
847744 640748
969123 555046
611730 422102
308949 409466
81318 418103
550962 537693
498409 369775
666710 328831
100514 247026
848773 747226
296989 183871
397004 506155
714874 101786
502878 899890
34071 77882
28228 622928
419048 486958
197035 246048
895333 962640
708966 696640
328955 910948
269661 337230
579347 151546
965094 586317
74460 626368
144557 322240
570952 663828
769029 278573
681793 946464
381400 579620
137255 763064
169935 831933
473264 206358
909804 607160
202064 795325
24139 416531
659204 83272
931841 477635
812171 793357
608960 60221
299405 473336
387191 619689
521118 169096
335734 247738
787254 712770
908475 22833
967931 295137
788107 439206
256468 366394
789791 161209
447021 611120
599365 830788
831378 231718
450897 57062
932520 571482
771775 937735
494220 476315
235778 2910
815846 745120
355182 11278
825118 842671
818751 687053
723447 15028
623693 624811
753176 953324
938649 815515
721571 615702
971058 350608
181348 857355
845656 342124
946294 611719
588428 161398
700122 198950
694718 725146
570804 645469
378058 615284
890185 967265
184591 87586
293804 590977
695708 760061
811784 476458
747826 815055
230385 280423
560430 389773
429505 323410
766916 480303
752808 453562
563864 260612
265078 541810
207063 228027
704447 686576
214350 959440
573276 855764
