516034 541781 439
543851 431341 470
83255 994976 525
311779 101554 443
974401 326331 525
82265 981070 525
331640 443201 449
165683 674175 509
13225 229324 386
249585 16243 443
860295 783390 525
636029 307977 509
451254 230140 449
32073 175690 383
44578 109863 354
973486 3276 525
38245 883283 525
19528 770513 509
760056 722215 424
253667 907303 525
207203 795764 509
210291 920762 525
501679 137094 449
98265 111139 354
497736 372368 449
163498 157597 370
419411 378361 449
515977 232000 470
29855 69186 340
265997 550805 470
872632 303442 525
351177 132453 443
462970 422019 444
979246 253380 525
147568 7797 375
596356 703028 509
152670 18849 375
597641 781064 509
127469 26435 354
523920 978211 525
905806 78731 525
227797 118294 386
716136 809019 468
835475 343847 509
491789 17317 449
680348 113980 509
702321 560080 509
652207 860271 525
998977 682522 525
113761 813315 509
419632 939271 525
976332 631586 525
362363 432563 449
919850 762394 525
449896 697253 509
719803 221695 509
705355 563779 509
759612 450862 509
992979 986228 396
744724 358185 509
59211 216154 383
360074 746173 509
374943 312119 441
949129 169 525
611161 993277 525
728157 161799 509
189855 24366 383
955706 434361 525
137517 139112 313
154702 457141 449
516235 502357 470
41452 423935 449
698716 475128 509
755257 289992 509
819074 783693 468
895713 460597 525
474384 873880 525
432754 962222 525
181878 291028 443
194112 790951 509
166355 605906 470
948076 191421 525
64101 521593 470
686203 397206 509
676847 931008 525
848911 23231 525
797394 461678 509
132487 138423 344
903987 788437 525
715657 720383 380
162872 138159 383
162192 265380 443
199621 789651 509
565521 844423 525
729607 937934 525
233518 666178 509
801027 350352 509
416315 392166 449
866201 80944 525
657560 547811 509
4553 526410 470
76462 216315 383
503248 594350 470
160202 817063 509
22864 723221 509
475065 770164 509
845208 4381 525
442769 922586 525
574627 256231 470
588273 736699 509
221302 754135 509
193592 906198 525
821002 232237 509
53876 457779 449
475773 594296 470
947315 239040 525
935508 662934 525
515860 577355 452
811188 969602 525
300594 37788 443
395075 589894 470
310436 442151 449
375791 665206 509
741369 35471 509
488128 638962 509
985768 203038 525
936140 628243 525
990407 289516 525
928915 459338 525
396597 454741 449
274007 875788 525
312420 61654 443
144321 638524 509
936525 460323 525
155551 528778 470
974424 194785 525
142903 664603 509
117896 999727 525
966096 19588 525
462861 965027 525
977820 885955 507
818299 473305 509
267115 119970 443
162934 51843 383
145876 98073 375
489735 681286 509
304995 447721 449
763218 631701 504
596546 446648 470
630920 376365 509
633173 451812 509
270083 404817 441
172875 540630 470
455722 865242 525
209437 706638 509
254754 829784 509
135047 852251 525
927874 506411 525
556755 813776 509
403503 364485 436
937353 799007 525
305370 146488 443
194789 130064 383
52931 186478 383
675735 648543 442
903437 147175 525
77046 86003 338
500997 647142 509
425698 815691 509
222280 922842 525
176852 169875 347
733441 280308 509
332524 204375 443
166885 824419 509
298984 166099 443
956661 788105 525
97084 442563 449
717719 476810 509
276232 304297 389
46335 557082 470
347712 256448 441
438579 504820 444
705659 23671 509
369799 604556 470
282450 982320 525
391125 802769 509
769651 412566 509
971842 892891 507
185888 892739 525
504041 729444 509
409127 397365 405
349708 809498 509
27753 17274 308
961460 159249 525
96925 943831 525
489979 779554 509
60062 282679 443
941437 318349 525
128888 900962 525
500511 541683 470
788411 408238 509
538988 325717 470
846007 726795 525
435691 569973 470
386971 673051 509
730280 609243 509
352187 221182 443
98986 264727 443
2862 322089 443
248776 415915 449
243062 224200 443
481732 683751 509
337659 419497 449
144288 661871 509
875828 192750 525
550524 865823 525
217991 107245 386
601860 256967 470
586972 948474 525
616417 80812 470
604694 986196 525
162165 326680 443
262315 373382 441
994631 720650 525
169997 793396 509
905170 807245 525
344895 342047 353
206170 948664 525
467799 602284 470
179756 226947 386
672716 123219 509
463909 280052 449
981258 82457 525
292564 647740 509
591286 935878 525
763396 518370 509
653095 135341 509
126388 553500 470
410910 254533 449
397577 28737 443
903580 970629 507
959776 964752 414
637570 958594 525
18173 36367 324
238632 385487 441
751153 458936 509
572157 334093 470
893116 359436 525
346608 454581 449
799738 748554 468
784161 329508 509
509675 491702 426
631195 595661 509
896415 23537 525
808996 942495 525
227625 837909 525
536237 750811 509
788071 690662 504
475042 397324 449
846252 231454 525
848359 381205 525
826627 817203 450
11625 578197 470
867093 5665 525
35465 152731 375
859523 255678 525
263091 894976 525
440882 928833 525
475689 536692 470
776238 887510 525
327453 33205 443
133013 188123 383
442784 982668 525
830185 585262 509
608316 787061 509
164617 557119 470
568745 26829 470
900092 44476 525
240434 399841 441
390476 600395 470
213675 691652 509
326619 919941 525
974638 289451 525
308295 53982 443
156999 334222 443
725456 272818 509
636416 325129 509
277574 767640 509
662527 695172 442
401165 93776 443
341715 222837 443
234188 598161 470
201141 981676 525
176177 403607 443
865282 888371 445
526767 597470 452
87063 716700 509
628532 706467 504
616477 560288 447
690839 542751 509
857371 932439 476
115151 296137 443
91693 417080 449
115420 72171 354
719894 519515 509
463126 919939 525
546748 795083 509
713736 338414 509
279879 461914 449
856750 843916 419
624765 763175 509
459925 206464 449
709672 242339 509
106742 885639 525
909056 322377 525
308475 24654 443
536994 502577 470
339489 937838 525
663321 918625 525
465851 939586 525
399908 221470 443
195035 549191 470
859503 506529 525
891111 849378 445
499895 936515 525
840559 568976 525
289635 166490 443
94867 703480 509
100985 115603 354
472124 253931 449
312404 309743 384
376607 265271 441
166222 779093 509
899908 104858 525
599548 937902 525
890601 920333 476
364660 968332 525
732024 477024 509
668058 849738 525
451785 943194 525
83371 683642 509
409858 326101 441
698435 835234 504
623284 291555 470
899489 556255 525
683964 249241 509
102785 642106 509
982658 508356 525
812151 569988 509
520546 516952 439
669373 697670 442
322181 474458 449
860990 429052 525
829994 937748 525
706058 176907 509
954153 708414 525
506025 974500 525
213639 399793 443
838904 780461 525
663963 503407 509
9316 914046 525
851297 237785 525
673221 446 509
28490 329405 443
143722 897564 525
839820 498195 525
708791 786113 468
453725 941948 525
556905 977619 525
744114 168582 509
76603 756332 509
404520 851322 525
625168 412239 470
694998 296844 509
286431 880566 525
334847 132518 443
131890 443765 449
597177 480526 470
589626 898754 525
511006 667739 509
931458 967738 507
869601 111753 525
325554 810382 509
942199 725984 525
146859 337843 443
952010 842473 507
165943 270214 443
461326 359275 449
342974 810552 509
108214 795869 509
326933 224128 443
228848 520325 470
610295 271852 470
617918 864681 525
167422 33657 383
307375 337067 384
712060 390615 509
95479 728974 509
506587 649337 509
151894 658881 509
308131 963066 525
146622 996336 525
524694 738524 509
653136 168886 509
493402 92919 449
334381 421692 449
495106 509454 426
725380 329430 509
385875 743676 509
505976 936489 525
756962 833542 468
932024 529196 525
265671 485677 449
32085 222641 386
252540 673618 509
755325 175386 509
753220 845656 525
31416 779955 509
705451 857251 525
404646 473892 449
485719 206583 449
686927 698806 442
927884 591326 525
848975 659176 525
634763 635780 416
959790 807517 525
263216 100181 443
203786 422691 449
345043 687908 509
835228 193239 509
985156 205893 525
932146 712531 525
913405 514152 525
185258 158932 370
12032 887999 525
32792 36601 324
880603 895888 445
741359 325654 509
414678 474339 444
980908 778577 525
12356 628373 509
143778 829330 509
566152 699372 509
167155 74920 383
500530 152916 449
378017 92930 443
791058 527127 509
75806 833407 509
901028 438072 525
383708 280775 441
697146 981672 525
258622 534485 470
878104 602364 525
310968 673902 509
763572 377375 509
258480 554896 470
988523 11108 525
412417 116689 449
507755 628431 509
686489 305915 509
36545 333012 443
849001 203203 525
935380 138410 525
577107 510167 470
951709 900891 507
136214 520952 470
533586 780228 509
727699 46092 509
698111 674869 442
631090 311522 509
454723 742348 509
73527 740441 509
894414 746082 525
649741 205613 509
114038 757942 509
450142 493942 444
571914 298488 470
381161 623822 470
356307 823708 509
903782 601657 525
314863 574034 470
246117 265210 407
225499 899794 525
445859 628501 509
112252 737092 509
836078 388502 509
289749 946497 525
627275 104836 509
390139 321214 441
477763 30014 449
234095 674991 509
625181 638207 509
471265 800615 509
367918 927711 525
133616 304425 443
504971 979687 525
986037 898967 507
100423 167168 383
401681 200905 443
841533 118265 525
737184 346 509
774108 297549 509
135681 488085 449
168351 857226 525
865899 470128 525
649431 872276 525
747729 322235 509
56982 336821 443
157473 557476 470
552551 40570 470
735262 352945 509
683408 274456 509
383997 692541 509
558875 415334 470
453537 196848 449
14814 58495 340
157547 314320 443
375687 788689 509
432034 490035 444
468359 736252 509
644046 110497 509
161538 849658 525
568073 193628 470
940510 44626 525
843228 228913 525
234763 558462 470
421942 27775 449
156860 424433 449
187480 502168 449
524286 128979 470
822255 413785 509
845893 545836 525
30767 659369 509
849058 485612 525
555318 39224 470
279408 635882 509
285947 939077 525
236270 661777 509
810770 286663 509
533790 393933 470
843488 691606 525
870538 750225 525
993404 193813 525
717090 879917 525
509020 459637 444
365027 343950 441
862450 829023 525
790788 88222 509
361550 596541 470
750708 636019 504
731908 45831 509
989011 765250 525
463103 28608 449
9445 234044 443
970450 143058 525
150271 613649 470
770274 178014 509
255664 238683 368
704688 171341 509
710274 35042 509
996333 110222 525
163654 959679 525
613304 5908 470
162496 855789 525
853971 137296 525
725390 344214 509
69065 949350 525
866657 33072 525
179988 963806 525
538525 53236 470
216323 444545 449
961082 16805 525
473689 175631 449
573328 935979 525
363973 401473 436
115024 772625 509
901828 11629 525
274217 636656 509
915339 219307 525
220299 324663 443
846616 726260 525
504467 52518 449
908047 217458 525
17273 146518 375
779285 248871 509
751919 302162 509
150329 932404 525
245819 418749 449
986683 534001 525
132555 458889 449
617360 108005 470
495196 49130 449
568493 676146 509
763615 543411 509
762364 139272 509
629911 791808 504
835638 43974 509
509353 947652 525
706312 527707 509
694464 409607 509
420677 762799 509
182549 798075 509
861100 938625 476
344321 563521 470
681686 652582 442
150924 279076 443
53816 179171 383
701640 614167 509
37486 239617 443
165762 275548 443
639797 661890 429
576862 677123 509
200454 352168 443
991761 823725 525
402764 931790 525
220445 952113 525
209672 980802 525
82248 71620 351
994104 39060 525
427704 608665 470
270902 844070 525
790776 488632 509
226956 823965 509
980911 430709 525
766375 214153 509
93009 618889 470
548356 5901 470
225575 231634 443
346204 610408 470
519952 776565 509
184670 704589 509
982505 159482 525
13701 687709 509
285741 649996 509
499421 582216 470
686505 347962 509
721998 57158 509
344288 36780 443
407977 76205 443
43498 561033 470
660711 580335 509
819058 453941 509
720463 239689 509
911729 585832 525
911887 249008 525
119922 977969 525
89305 978438 525
407470 15515 443
201227 283331 443
650189 892742 525
6899 720937 509
998917 954186 458
580836 924397 525
422045 202948 449
698308 578699 509
183365 891643 525
178031 647617 509
461994 621146 470
242349 600542 470
149834 235852 443
265177 755156 509
634042 10959 509
677621 959030 525
715778 804718 468
404687 719128 509
400884 61455 443
789223 528071 509
395760 799572 509
694392 957052 525
216649 823139 509
458467 437570 400
414679 426173 418
844075 171626 525
215076 542687 470
319295 601172 470
784447 546253 509
977291 90764 525
478618 262993 449
646592 651325 385
414156 951028 525
973123 507849 525
507830 93833 449
287257 254394 407
600831 227171 470
521661 572865 452
123704 728122 509
448997 251227 449
47955 677449 509
398325 880207 525
178811 199661 365
311395 567556 470
775611 615384 509
647247 487434 509
33384 979130 525
217287 101726 386
927241 394392 525
960633 27227 525
486831 784248 509
845730 424562 525
477823 722027 509
178068 912142 525
860592 247782 525
157702 296240 443
644304 691804 442
630911 374783 509
904013 526070 525
790038 634934 504
694616 633218 442
663631 284073 509
713170 218108 509
71434 856249 525
32417 451684 449
290501 707881 509
812239 472567 509
834287 541017 509
482365 287119 449
253870 564727 470
957387 844316 507
309756 892131 525
483169 764242 509
961492 228361 525
692746 505030 509
592629 186379 470
836035 783890 468
656330 113514 509
153991 115702 375
71745 710426 509
38398 721652 509
103488 1814 351
371838 117299 443
104808 29998 351
934039 683058 525
428097 893419 525
370205 239515 441
908966 551884 525
309393 526868 470
722259 756731 424
9338 948955 525
278602 898759 525
452134 28062 449
148028 700317 509
764381 428771 509
76550 346171 443
528385 560672 452
404644 598917 470
60318 508091 449
882299 843853 432
709244 839360 525
630827 574275 509
285776 530004 470
559635 104762 470
57160 273039 443
637787 970460 525
909733 428660 525
111281 204674 383
969448 341488 525
65699 802283 509
328478 872662 525
664513 137146 509
880751 556629 525
680798 411014 509
863090 412196 525
970101 281238 525
723664 454494 509
570311 150999 470
629549 469255 509
87067 179275 383
494455 47239 449
37313 311236 443
367420 148057 443
260217 212922 443
891624 900312 370
272150 992939 525
876668 223638 525
246572 62526 443
344395 259479 407
14136 130852 354
120289 136594 344
294391 537863 470
945539 405615 525
432676 496492 444
812038 44097 509
396767 660840 509
504388 697541 509
808093 289093 509
771079 50863 509
839734 718188 525
914951 461616 525
800291 935188 525
417404 120042 449
944660 145444 525
817278 731392 468
101207 800836 509
69111 574767 470
318525 997604 525
120787 551149 470
31101 109500 354
409922 296616 441
822068 826331 375
457849 817730 509
116885 970121 525
436252 407861 449
854443 10001 525
993765 946482 458
160696 549256 470
548199 430508 470
963125 804060 525
384911 682084 509
480496 32772 449
8771 227921 386
853980 103438 525
227488 35225 386
954750 807419 525
691588 842705 525
572721 307202 470
399358 479828 449
440472 473785 444
715378 275333 509
233519 982317 525
374826 361250 392
460250 526942 470
932465 953504 507
463883 117872 449
126707 148441 375
417963 572833 470
310447 472789 449
152247 750541 509
434121 831893 509
569920 620791 447
68325 117639 354
373521 434959 449
327380 832329 509
332204 662412 509
693802 612554 509
401354 933699 525
145211 372546 443
489012 97920 449
428718 210883 449
249383 608090 470
90823 119429 354
153313 674557 509
722201 343158 509
751309 499208 509
597565 699196 509
892408 474022 525
333262 902392 525
530645 28269 470
104797 70542 351
121826 80861 354
748156 340502 509
317012 48514 443
101318 457201 449
26339 317621 443
666762 454424 509
67896 695414 509
387473 737940 509
457093 472897 444
467383 603928 470
794387 339546 509
462999 346629 449
5300 419517 449
780964 6498 509
898570 636588 525
998828 665472 525
775783 883517 525
993758 138974 525
744531 811074 468
138475 969297 525
373813 615483 470
564145 20651 470
245189 437601 449
555555 698048 509
449349 572623 470
837261 736476 468
991958 605820 525
383561 948274 525
253975 690308 509
656329 781053 504
493890 45621 449
616713 910366 525
451709 492637 444
343765 124309 443
846123 160350 525
959057 311182 525
950714 267072 525
461240 641261 509
908757 565782 525
676668 514343 509
147847 677173 509
836842 718452 468
450978 763405 509
238790 369872 441
781320 988877 525
610541 608254 359
408583 246113 441
7409 694174 509
212384 865976 525
275716 139801 443
207018 985965 525
345252 444305 449
924735 444905 525
743480 681378 504
254168 428706 449
636994 980193 525
671479 463585 509
377886 680779 509
518781 877254 525
847744 640748 525
969123 555046 525
611730 422102 470
308949 409466 441
81318 418103 449
550962 537693 452
498409 369775 449
666710 328831 509
100514 247026 443
848773 747226 525
296989 183871 443
397004 506155 449
714874 101786 509
502878 899890 525
34071 77882 351
28228 622928 470
419048 486958 444
197035 246048 443
895333 962640 507
708966 696640 504
328955 910948 525
269661 337230 407
579347 151546 470
965094 586317 525
74460 626368 509
144557 322240 443
570952 663828 509
769029 278573 509
681793 946464 525
381400 579620 470
137255 763064 509
169935 831933 509
473264 206358 449
909804 607160 525
202064 795325 509
24139 416531 449
659204 83272 509
931841 477635 525
812171 793357 468
608960 60221 470
299405 473336 449
387191 619689 470
521118 169096 470
335734 247738 407
787254 712770 468
908475 22833 525
967931 295137 525
788107 439206 509
256468 366394 441
789791 161209 509
447021 611120 470
599365 830788 509
831378 231718 509
450897 57062 449
932520 571482 525
771775 937735 525
494220 476315 426
235778 2910 443
815846 745120 468
355182 11278 443
825118 842671 525
818751 687053 504
723447 15028 509
623693 624811 385
753176 953324 525
938649 815515 525
721571 615702 509
971058 350608 525
181348 857355 525
845656 342124 525
946294 611719 525
588428 161398 470
700122 198950 509
694718 725146 504
570804 645469 509
378058 615284 470
890185 967265 507
184591 87586 383
293804 590977 470
695708 760061 504
811784 476458 509
747826 815055 468
230385 280423 443
560430 389773 470
429505 323410 449
766916 480303 509
752808 453562 509
563864 260612 470
265078 541810 470
207063 228027 386
704447 686576 442
214350 959440 525
573276 855764 525
